   temperature      i                j                spin A(i,j)
   2.82000017               2           2          -1
   2.82000017               2           3          -1
   2.82000017               2           4           1
   2.82000017               2           5           1
   2.82000017               2           6           1
   2.82000017               2           7          -1
   2.82000017               2           8          -1
   2.82000017               2           9          -1
   2.82000017               2          10           1
   2.82000017               2          11           1
   2.82000017               2          12           1
   2.82000017               2          13           1
   2.82000017               2          14           1
   2.82000017               2          15           1
   2.82000017               2          16           1
   2.82000017               2          17          -1
   2.82000017               2          18           1
   2.82000017               2          19           1
   2.82000017               2          20           1
   2.82000017               2          21           1
   2.82000017               3           2           1
   2.82000017               3           3           1
   2.82000017               3           4           1
   2.82000017               3           5           1
   2.82000017               3           6           1
   2.82000017               3           7           1
   2.82000017               3           8           1
   2.82000017               3           9           1
   2.82000017               3          10          -1
   2.82000017               3          11           1
   2.82000017               3          12           1
   2.82000017               3          13           1
   2.82000017               3          14           1
   2.82000017               3          15           1
   2.82000017               3          16           1
   2.82000017               3          17          -1
   2.82000017               3          18           1
   2.82000017               3          19           1
   2.82000017               3          20           1
   2.82000017               3          21           1
   2.82000017               4           2           1
   2.82000017               4           3           1
   2.82000017               4           4           1
   2.82000017               4           5           1
   2.82000017               4           6           1
   2.82000017               4           7           1
   2.82000017               4           8           1
   2.82000017               4           9           1
   2.82000017               4          10          -1
   2.82000017               4          11          -1
   2.82000017               4          12          -1
   2.82000017               4          13          -1
   2.82000017               4          14           1
   2.82000017               4          15           1
   2.82000017               4          16          -1
   2.82000017               4          17           1
   2.82000017               4          18           1
   2.82000017               4          19           1
   2.82000017               4          20           1
   2.82000017               4          21           1
   2.82000017               5           2           1
   2.82000017               5           3           1
   2.82000017               5           4           1
   2.82000017               5           5           1
   2.82000017               5           6           1
   2.82000017               5           7           1
   2.82000017               5           8           1
   2.82000017               5           9           1
   2.82000017               5          10           1
   2.82000017               5          11          -1
   2.82000017               5          12          -1
   2.82000017               5          13          -1
   2.82000017               5          14           1
   2.82000017               5          15           1
   2.82000017               5          16           1
   2.82000017               5          17           1
   2.82000017               5          18           1
   2.82000017               5          19           1
   2.82000017               5          20           1
   2.82000017               5          21           1
   2.82000017               6           2          -1
   2.82000017               6           3          -1
   2.82000017               6           4          -1
   2.82000017               6           5          -1
   2.82000017               6           6           1
   2.82000017               6           7           1
   2.82000017               6           8           1
   2.82000017               6           9           1
   2.82000017               6          10           1
   2.82000017               6          11           1
   2.82000017               6          12           1
   2.82000017               6          13           1
   2.82000017               6          14           1
   2.82000017               6          15           1
   2.82000017               6          16           1
   2.82000017               6          17          -1
   2.82000017               6          18           1
   2.82000017               6          19           1
   2.82000017               6          20          -1
   2.82000017               6          21          -1
   2.82000017               7           2          -1
   2.82000017               7           3          -1
   2.82000017               7           4          -1
   2.82000017               7           5          -1
   2.82000017               7           6           1
   2.82000017               7           7           1
   2.82000017               7           8           1
   2.82000017               7           9           1
   2.82000017               7          10           1
   2.82000017               7          11           1
   2.82000017               7          12           1
   2.82000017               7          13           1
   2.82000017               7          14           1
   2.82000017               7          15           1
   2.82000017               7          16          -1
   2.82000017               7          17          -1
   2.82000017               7          18          -1
   2.82000017               7          19          -1
   2.82000017               7          20          -1
   2.82000017               7          21          -1
   2.82000017               8           2          -1
   2.82000017               8           3          -1
   2.82000017               8           4          -1
   2.82000017               8           5          -1
   2.82000017               8           6           1
   2.82000017               8           7           1
   2.82000017               8           8           1
   2.82000017               8           9           1
   2.82000017               8          10           1
   2.82000017               8          11           1
   2.82000017               8          12           1
   2.82000017               8          13           1
   2.82000017               8          14           1
   2.82000017               8          15           1
   2.82000017               8          16          -1
   2.82000017               8          17          -1
   2.82000017               8          18          -1
   2.82000017               8          19          -1
   2.82000017               8          20          -1
   2.82000017               8          21           1
   2.82000017               9           2          -1
   2.82000017               9           3          -1
   2.82000017               9           4          -1
   2.82000017               9           5           1
   2.82000017               9           6           1
   2.82000017               9           7           1
   2.82000017               9           8           1
   2.82000017               9           9           1
   2.82000017               9          10           1
   2.82000017               9          11           1
   2.82000017               9          12           1
   2.82000017               9          13           1
   2.82000017               9          14           1
   2.82000017               9          15           1
   2.82000017               9          16          -1
   2.82000017               9          17          -1
   2.82000017               9          18          -1
   2.82000017               9          19          -1
   2.82000017               9          20          -1
   2.82000017               9          21          -1
   2.82000017              10           2          -1
   2.82000017              10           3          -1
   2.82000017              10           4          -1
   2.82000017              10           5           1
   2.82000017              10           6           1
   2.82000017              10           7           1
   2.82000017              10           8           1
   2.82000017              10           9           1
   2.82000017              10          10           1
   2.82000017              10          11           1
   2.82000017              10          12           1
   2.82000017              10          13           1
   2.82000017              10          14           1
   2.82000017              10          15          -1
   2.82000017              10          16          -1
   2.82000017              10          17          -1
   2.82000017              10          18          -1
   2.82000017              10          19          -1
   2.82000017              10          20          -1
   2.82000017              10          21          -1
   2.82000017              11           2          -1
   2.82000017              11           3          -1
   2.82000017              11           4          -1
   2.82000017              11           5           1
   2.82000017              11           6           1
   2.82000017              11           7           1
   2.82000017              11           8           1
   2.82000017              11           9           1
   2.82000017              11          10           1
   2.82000017              11          11           1
   2.82000017              11          12           1
   2.82000017              11          13           1
   2.82000017              11          14           1
   2.82000017              11          15          -1
   2.82000017              11          16          -1
   2.82000017              11          17          -1
   2.82000017              11          18          -1
   2.82000017              11          19          -1
   2.82000017              11          20          -1
   2.82000017              11          21          -1
   2.82000017              12           2          -1
   2.82000017              12           3          -1
   2.82000017              12           4          -1
   2.82000017              12           5          -1
   2.82000017              12           6           1
   2.82000017              12           7           1
   2.82000017              12           8           1
   2.82000017              12           9           1
   2.82000017              12          10           1
   2.82000017              12          11           1
   2.82000017              12          12           1
   2.82000017              12          13           1
   2.82000017              12          14          -1
   2.82000017              12          15          -1
   2.82000017              12          16          -1
   2.82000017              12          17          -1
   2.82000017              12          18          -1
   2.82000017              12          19          -1
   2.82000017              12          20          -1
   2.82000017              12          21          -1
   2.82000017              13           2          -1
   2.82000017              13           3          -1
   2.82000017              13           4          -1
   2.82000017              13           5           1
   2.82000017              13           6           1
   2.82000017              13           7           1
   2.82000017              13           8           1
   2.82000017              13           9           1
   2.82000017              13          10           1
   2.82000017              13          11           1
   2.82000017              13          12          -1
   2.82000017              13          13          -1
   2.82000017              13          14          -1
   2.82000017              13          15          -1
   2.82000017              13          16          -1
   2.82000017              13          17          -1
   2.82000017              13          18          -1
   2.82000017              13          19          -1
   2.82000017              13          20          -1
   2.82000017              13          21          -1
   2.82000017              14           2          -1
   2.82000017              14           3           1
   2.82000017              14           4           1
   2.82000017              14           5           1
   2.82000017              14           6           1
   2.82000017              14           7           1
   2.82000017              14           8           1
   2.82000017              14           9          -1
   2.82000017              14          10           1
   2.82000017              14          11           1
   2.82000017              14          12          -1
   2.82000017              14          13          -1
   2.82000017              14          14          -1
   2.82000017              14          15          -1
   2.82000017              14          16          -1
   2.82000017              14          17          -1
   2.82000017              14          18          -1
   2.82000017              14          19          -1
   2.82000017              14          20          -1
   2.82000017              14          21          -1
   2.82000017              15           2           1
   2.82000017              15           3           1
   2.82000017              15           4           1
   2.82000017              15           5           1
   2.82000017              15           6           1
   2.82000017              15           7           1
   2.82000017              15           8           1
   2.82000017              15           9           1
   2.82000017              15          10           1
   2.82000017              15          11           1
   2.82000017              15          12          -1
   2.82000017              15          13          -1
   2.82000017              15          14          -1
   2.82000017              15          15          -1
   2.82000017              15          16          -1
   2.82000017              15          17          -1
   2.82000017              15          18          -1
   2.82000017              15          19           1
   2.82000017              15          20           1
   2.82000017              15          21           1
   2.82000017              16           2           1
   2.82000017              16           3           1
   2.82000017              16           4           1
   2.82000017              16           5           1
   2.82000017              16           6           1
   2.82000017              16           7           1
   2.82000017              16           8           1
   2.82000017              16           9           1
   2.82000017              16          10           1
   2.82000017              16          11           1
   2.82000017              16          12          -1
   2.82000017              16          13          -1
   2.82000017              16          14          -1
   2.82000017              16          15           1
   2.82000017              16          16           1
   2.82000017              16          17           1
   2.82000017              16          18           1
   2.82000017              16          19           1
   2.82000017              16          20           1
   2.82000017              16          21          -1
   2.82000017              17           2           1
   2.82000017              17           3           1
   2.82000017              17           4           1
   2.82000017              17           5           1
   2.82000017              17           6           1
   2.82000017              17           7           1
   2.82000017              17           8           1
   2.82000017              17           9           1
   2.82000017              17          10           1
   2.82000017              17          11           1
   2.82000017              17          12           1
   2.82000017              17          13           1
   2.82000017              17          14           1
   2.82000017              17          15           1
   2.82000017              17          16           1
   2.82000017              17          17           1
   2.82000017              17          18           1
   2.82000017              17          19           1
   2.82000017              17          20           1
   2.82000017              17          21           1
   2.82000017              18           2           1
   2.82000017              18           3           1
   2.82000017              18           4           1
   2.82000017              18           5           1
   2.82000017              18           6           1
   2.82000017              18           7           1
   2.82000017              18           8           1
   2.82000017              18           9           1
   2.82000017              18          10           1
   2.82000017              18          11           1
   2.82000017              18          12           1
   2.82000017              18          13           1
   2.82000017              18          14           1
   2.82000017              18          15           1
   2.82000017              18          16           1
   2.82000017              18          17           1
   2.82000017              18          18           1
   2.82000017              18          19           1
   2.82000017              18          20           1
   2.82000017              18          21           1
   2.82000017              19           2           1
   2.82000017              19           3           1
   2.82000017              19           4           1
   2.82000017              19           5           1
   2.82000017              19           6           1
   2.82000017              19           7           1
   2.82000017              19           8           1
   2.82000017              19           9           1
   2.82000017              19          10           1
   2.82000017              19          11           1
   2.82000017              19          12           1
   2.82000017              19          13           1
   2.82000017              19          14           1
   2.82000017              19          15           1
   2.82000017              19          16           1
   2.82000017              19          17           1
   2.82000017              19          18           1
   2.82000017              19          19           1
   2.82000017              19          20           1
   2.82000017              19          21           1
   2.82000017              20           2           1
   2.82000017              20           3           1
   2.82000017              20           4           1
   2.82000017              20           5           1
   2.82000017              20           6           1
   2.82000017              20           7          -1
   2.82000017              20           8          -1
   2.82000017              20           9          -1
   2.82000017              20          10           1
   2.82000017              20          11           1
   2.82000017              20          12           1
   2.82000017              20          13           1
   2.82000017              20          14           1
   2.82000017              20          15           1
   2.82000017              20          16           1
   2.82000017              20          17           1
   2.82000017              20          18           1
   2.82000017              20          19           1
   2.82000017              20          20           1
   2.82000017              20          21           1
   2.82000017              21           2          -1
   2.82000017              21           3          -1
   2.82000017              21           4           1
   2.82000017              21           5           1
   2.82000017              21           6           1
   2.82000017              21           7          -1
   2.82000017              21           8          -1
   2.82000017              21           9          -1
   2.82000017              21          10           1
   2.82000017              21          11           1
   2.82000017              21          12           1
   2.82000017              21          13           1
   2.82000017              21          14           1
   2.82000017              21          15           1
   2.82000017              21          16           1
   2.82000017              21          17           1
   2.82000017              21          18           1
   2.82000017              21          19           1
   2.82000017              21          20           1
   2.82000017              21          21           1
