   temperature      i                j                spin A(i,j)
   2.01999998               2           2          -1
   2.01999998               2           3          -1
   2.01999998               2           4           1
   2.01999998               2           5           1
   2.01999998               2           6           1
   2.01999998               2           7          -1
   2.01999998               2           8          -1
   2.01999998               2           9          -1
   2.01999998               2          10           1
   2.01999998               2          11           1
   2.01999998               2          12           1
   2.01999998               2          13           1
   2.01999998               2          14           1
   2.01999998               2          15           1
   2.01999998               2          16           1
   2.01999998               2          17          -1
   2.01999998               2          18           1
   2.01999998               2          19           1
   2.01999998               2          20           1
   2.01999998               2          21           1
   2.01999998               3           2           1
   2.01999998               3           3           1
   2.01999998               3           4           1
   2.01999998               3           5           1
   2.01999998               3           6           1
   2.01999998               3           7           1
   2.01999998               3           8           1
   2.01999998               3           9           1
   2.01999998               3          10          -1
   2.01999998               3          11           1
   2.01999998               3          12           1
   2.01999998               3          13           1
   2.01999998               3          14           1
   2.01999998               3          15           1
   2.01999998               3          16           1
   2.01999998               3          17          -1
   2.01999998               3          18           1
   2.01999998               3          19           1
   2.01999998               3          20           1
   2.01999998               3          21           1
   2.01999998               4           2           1
   2.01999998               4           3           1
   2.01999998               4           4           1
   2.01999998               4           5           1
   2.01999998               4           6           1
   2.01999998               4           7           1
   2.01999998               4           8           1
   2.01999998               4           9           1
   2.01999998               4          10          -1
   2.01999998               4          11          -1
   2.01999998               4          12          -1
   2.01999998               4          13          -1
   2.01999998               4          14           1
   2.01999998               4          15           1
   2.01999998               4          16          -1
   2.01999998               4          17           1
   2.01999998               4          18           1
   2.01999998               4          19           1
   2.01999998               4          20           1
   2.01999998               4          21           1
   2.01999998               5           2           1
   2.01999998               5           3           1
   2.01999998               5           4           1
   2.01999998               5           5           1
   2.01999998               5           6           1
   2.01999998               5           7           1
   2.01999998               5           8           1
   2.01999998               5           9           1
   2.01999998               5          10           1
   2.01999998               5          11          -1
   2.01999998               5          12          -1
   2.01999998               5          13          -1
   2.01999998               5          14           1
   2.01999998               5          15           1
   2.01999998               5          16           1
   2.01999998               5          17           1
   2.01999998               5          18           1
   2.01999998               5          19           1
   2.01999998               5          20           1
   2.01999998               5          21           1
   2.01999998               6           2          -1
   2.01999998               6           3          -1
   2.01999998               6           4          -1
   2.01999998               6           5          -1
   2.01999998               6           6           1
   2.01999998               6           7           1
   2.01999998               6           8           1
   2.01999998               6           9           1
   2.01999998               6          10           1
   2.01999998               6          11           1
   2.01999998               6          12           1
   2.01999998               6          13           1
   2.01999998               6          14           1
   2.01999998               6          15           1
   2.01999998               6          16           1
   2.01999998               6          17          -1
   2.01999998               6          18           1
   2.01999998               6          19           1
   2.01999998               6          20          -1
   2.01999998               6          21          -1
   2.01999998               7           2          -1
   2.01999998               7           3          -1
   2.01999998               7           4          -1
   2.01999998               7           5          -1
   2.01999998               7           6           1
   2.01999998               7           7           1
   2.01999998               7           8           1
   2.01999998               7           9           1
   2.01999998               7          10           1
   2.01999998               7          11           1
   2.01999998               7          12           1
   2.01999998               7          13           1
   2.01999998               7          14           1
   2.01999998               7          15           1
   2.01999998               7          16          -1
   2.01999998               7          17          -1
   2.01999998               7          18          -1
   2.01999998               7          19          -1
   2.01999998               7          20          -1
   2.01999998               7          21          -1
   2.01999998               8           2          -1
   2.01999998               8           3          -1
   2.01999998               8           4          -1
   2.01999998               8           5          -1
   2.01999998               8           6           1
   2.01999998               8           7           1
   2.01999998               8           8           1
   2.01999998               8           9           1
   2.01999998               8          10           1
   2.01999998               8          11           1
   2.01999998               8          12           1
   2.01999998               8          13           1
   2.01999998               8          14           1
   2.01999998               8          15           1
   2.01999998               8          16          -1
   2.01999998               8          17          -1
   2.01999998               8          18          -1
   2.01999998               8          19          -1
   2.01999998               8          20          -1
   2.01999998               8          21           1
   2.01999998               9           2          -1
   2.01999998               9           3          -1
   2.01999998               9           4          -1
   2.01999998               9           5           1
   2.01999998               9           6           1
   2.01999998               9           7           1
   2.01999998               9           8           1
   2.01999998               9           9           1
   2.01999998               9          10           1
   2.01999998               9          11           1
   2.01999998               9          12           1
   2.01999998               9          13           1
   2.01999998               9          14           1
   2.01999998               9          15           1
   2.01999998               9          16          -1
   2.01999998               9          17          -1
   2.01999998               9          18          -1
   2.01999998               9          19          -1
   2.01999998               9          20          -1
   2.01999998               9          21          -1
   2.01999998              10           2          -1
   2.01999998              10           3          -1
   2.01999998              10           4          -1
   2.01999998              10           5           1
   2.01999998              10           6           1
   2.01999998              10           7           1
   2.01999998              10           8           1
   2.01999998              10           9           1
   2.01999998              10          10           1
   2.01999998              10          11           1
   2.01999998              10          12           1
   2.01999998              10          13           1
   2.01999998              10          14           1
   2.01999998              10          15          -1
   2.01999998              10          16          -1
   2.01999998              10          17          -1
   2.01999998              10          18          -1
   2.01999998              10          19          -1
   2.01999998              10          20          -1
   2.01999998              10          21          -1
   2.01999998              11           2          -1
   2.01999998              11           3          -1
   2.01999998              11           4          -1
   2.01999998              11           5           1
   2.01999998              11           6           1
   2.01999998              11           7           1
   2.01999998              11           8           1
   2.01999998              11           9           1
   2.01999998              11          10           1
   2.01999998              11          11           1
   2.01999998              11          12           1
   2.01999998              11          13           1
   2.01999998              11          14           1
   2.01999998              11          15          -1
   2.01999998              11          16          -1
   2.01999998              11          17          -1
   2.01999998              11          18          -1
   2.01999998              11          19          -1
   2.01999998              11          20          -1
   2.01999998              11          21          -1
   2.01999998              12           2          -1
   2.01999998              12           3          -1
   2.01999998              12           4          -1
   2.01999998              12           5          -1
   2.01999998              12           6           1
   2.01999998              12           7           1
   2.01999998              12           8           1
   2.01999998              12           9           1
   2.01999998              12          10           1
   2.01999998              12          11           1
   2.01999998              12          12           1
   2.01999998              12          13           1
   2.01999998              12          14          -1
   2.01999998              12          15          -1
   2.01999998              12          16          -1
   2.01999998              12          17          -1
   2.01999998              12          18          -1
   2.01999998              12          19          -1
   2.01999998              12          20          -1
   2.01999998              12          21          -1
   2.01999998              13           2          -1
   2.01999998              13           3          -1
   2.01999998              13           4          -1
   2.01999998              13           5           1
   2.01999998              13           6           1
   2.01999998              13           7           1
   2.01999998              13           8           1
   2.01999998              13           9           1
   2.01999998              13          10           1
   2.01999998              13          11           1
   2.01999998              13          12          -1
   2.01999998              13          13          -1
   2.01999998              13          14          -1
   2.01999998              13          15          -1
   2.01999998              13          16          -1
   2.01999998              13          17          -1
   2.01999998              13          18          -1
   2.01999998              13          19          -1
   2.01999998              13          20          -1
   2.01999998              13          21          -1
   2.01999998              14           2          -1
   2.01999998              14           3           1
   2.01999998              14           4           1
   2.01999998              14           5           1
   2.01999998              14           6           1
   2.01999998              14           7           1
   2.01999998              14           8           1
   2.01999998              14           9          -1
   2.01999998              14          10           1
   2.01999998              14          11           1
   2.01999998              14          12          -1
   2.01999998              14          13          -1
   2.01999998              14          14          -1
   2.01999998              14          15          -1
   2.01999998              14          16          -1
   2.01999998              14          17          -1
   2.01999998              14          18          -1
   2.01999998              14          19          -1
   2.01999998              14          20          -1
   2.01999998              14          21          -1
   2.01999998              15           2           1
   2.01999998              15           3           1
   2.01999998              15           4           1
   2.01999998              15           5           1
   2.01999998              15           6           1
   2.01999998              15           7           1
   2.01999998              15           8           1
   2.01999998              15           9           1
   2.01999998              15          10           1
   2.01999998              15          11           1
   2.01999998              15          12          -1
   2.01999998              15          13          -1
   2.01999998              15          14          -1
   2.01999998              15          15          -1
   2.01999998              15          16          -1
   2.01999998              15          17          -1
   2.01999998              15          18          -1
   2.01999998              15          19           1
   2.01999998              15          20           1
   2.01999998              15          21           1
   2.01999998              16           2           1
   2.01999998              16           3           1
   2.01999998              16           4           1
   2.01999998              16           5           1
   2.01999998              16           6           1
   2.01999998              16           7           1
   2.01999998              16           8           1
   2.01999998              16           9           1
   2.01999998              16          10           1
   2.01999998              16          11           1
   2.01999998              16          12          -1
   2.01999998              16          13          -1
   2.01999998              16          14          -1
   2.01999998              16          15           1
   2.01999998              16          16           1
   2.01999998              16          17           1
   2.01999998              16          18           1
   2.01999998              16          19           1
   2.01999998              16          20           1
   2.01999998              16          21          -1
   2.01999998              17           2           1
   2.01999998              17           3           1
   2.01999998              17           4           1
   2.01999998              17           5           1
   2.01999998              17           6           1
   2.01999998              17           7           1
   2.01999998              17           8           1
   2.01999998              17           9           1
   2.01999998              17          10           1
   2.01999998              17          11           1
   2.01999998              17          12           1
   2.01999998              17          13           1
   2.01999998              17          14           1
   2.01999998              17          15           1
   2.01999998              17          16           1
   2.01999998              17          17           1
   2.01999998              17          18           1
   2.01999998              17          19           1
   2.01999998              17          20           1
   2.01999998              17          21           1
   2.01999998              18           2           1
   2.01999998              18           3           1
   2.01999998              18           4           1
   2.01999998              18           5           1
   2.01999998              18           6           1
   2.01999998              18           7           1
   2.01999998              18           8           1
   2.01999998              18           9           1
   2.01999998              18          10           1
   2.01999998              18          11           1
   2.01999998              18          12           1
   2.01999998              18          13           1
   2.01999998              18          14           1
   2.01999998              18          15           1
   2.01999998              18          16           1
   2.01999998              18          17           1
   2.01999998              18          18           1
   2.01999998              18          19           1
   2.01999998              18          20           1
   2.01999998              18          21           1
   2.01999998              19           2           1
   2.01999998              19           3           1
   2.01999998              19           4           1
   2.01999998              19           5           1
   2.01999998              19           6           1
   2.01999998              19           7           1
   2.01999998              19           8           1
   2.01999998              19           9           1
   2.01999998              19          10           1
   2.01999998              19          11           1
   2.01999998              19          12           1
   2.01999998              19          13           1
   2.01999998              19          14           1
   2.01999998              19          15           1
   2.01999998              19          16           1
   2.01999998              19          17           1
   2.01999998              19          18           1
   2.01999998              19          19           1
   2.01999998              19          20           1
   2.01999998              19          21           1
   2.01999998              20           2           1
   2.01999998              20           3           1
   2.01999998              20           4           1
   2.01999998              20           5           1
   2.01999998              20           6           1
   2.01999998              20           7          -1
   2.01999998              20           8          -1
   2.01999998              20           9          -1
   2.01999998              20          10           1
   2.01999998              20          11           1
   2.01999998              20          12           1
   2.01999998              20          13           1
   2.01999998              20          14           1
   2.01999998              20          15           1
   2.01999998              20          16           1
   2.01999998              20          17           1
   2.01999998              20          18           1
   2.01999998              20          19           1
   2.01999998              20          20           1
   2.01999998              20          21           1
   2.01999998              21           2          -1
   2.01999998              21           3          -1
   2.01999998              21           4           1
   2.01999998              21           5           1
   2.01999998              21           6           1
   2.01999998              21           7          -1
   2.01999998              21           8          -1
   2.01999998              21           9          -1
   2.01999998              21          10           1
   2.01999998              21          11           1
   2.01999998              21          12           1
   2.01999998              21          13           1
   2.01999998              21          14           1
   2.01999998              21          15           1
   2.01999998              21          16           1
   2.01999998              21          17           1
   2.01999998              21          18           1
   2.01999998              21          19           1
   2.01999998              21          20           1
   2.01999998              21          21           1
