   temperature      i                j                spin A(i,j)
   2.62000012               2           2          -1
   2.62000012               2           3          -1
   2.62000012               2           4           1
   2.62000012               2           5           1
   2.62000012               2           6           1
   2.62000012               2           7          -1
   2.62000012               2           8          -1
   2.62000012               2           9          -1
   2.62000012               2          10           1
   2.62000012               2          11           1
   2.62000012               2          12           1
   2.62000012               2          13           1
   2.62000012               2          14           1
   2.62000012               2          15           1
   2.62000012               2          16           1
   2.62000012               2          17          -1
   2.62000012               2          18           1
   2.62000012               2          19           1
   2.62000012               2          20           1
   2.62000012               2          21           1
   2.62000012               3           2           1
   2.62000012               3           3           1
   2.62000012               3           4           1
   2.62000012               3           5           1
   2.62000012               3           6           1
   2.62000012               3           7           1
   2.62000012               3           8           1
   2.62000012               3           9           1
   2.62000012               3          10          -1
   2.62000012               3          11           1
   2.62000012               3          12           1
   2.62000012               3          13           1
   2.62000012               3          14           1
   2.62000012               3          15           1
   2.62000012               3          16           1
   2.62000012               3          17          -1
   2.62000012               3          18           1
   2.62000012               3          19           1
   2.62000012               3          20           1
   2.62000012               3          21           1
   2.62000012               4           2           1
   2.62000012               4           3           1
   2.62000012               4           4           1
   2.62000012               4           5           1
   2.62000012               4           6           1
   2.62000012               4           7           1
   2.62000012               4           8           1
   2.62000012               4           9           1
   2.62000012               4          10          -1
   2.62000012               4          11          -1
   2.62000012               4          12          -1
   2.62000012               4          13          -1
   2.62000012               4          14           1
   2.62000012               4          15           1
   2.62000012               4          16          -1
   2.62000012               4          17           1
   2.62000012               4          18           1
   2.62000012               4          19           1
   2.62000012               4          20           1
   2.62000012               4          21           1
   2.62000012               5           2           1
   2.62000012               5           3           1
   2.62000012               5           4           1
   2.62000012               5           5           1
   2.62000012               5           6           1
   2.62000012               5           7           1
   2.62000012               5           8           1
   2.62000012               5           9           1
   2.62000012               5          10           1
   2.62000012               5          11          -1
   2.62000012               5          12          -1
   2.62000012               5          13          -1
   2.62000012               5          14           1
   2.62000012               5          15           1
   2.62000012               5          16           1
   2.62000012               5          17           1
   2.62000012               5          18           1
   2.62000012               5          19           1
   2.62000012               5          20           1
   2.62000012               5          21           1
   2.62000012               6           2          -1
   2.62000012               6           3          -1
   2.62000012               6           4          -1
   2.62000012               6           5          -1
   2.62000012               6           6           1
   2.62000012               6           7           1
   2.62000012               6           8           1
   2.62000012               6           9           1
   2.62000012               6          10           1
   2.62000012               6          11           1
   2.62000012               6          12           1
   2.62000012               6          13           1
   2.62000012               6          14           1
   2.62000012               6          15           1
   2.62000012               6          16           1
   2.62000012               6          17          -1
   2.62000012               6          18           1
   2.62000012               6          19           1
   2.62000012               6          20          -1
   2.62000012               6          21          -1
   2.62000012               7           2          -1
   2.62000012               7           3          -1
   2.62000012               7           4          -1
   2.62000012               7           5          -1
   2.62000012               7           6           1
   2.62000012               7           7           1
   2.62000012               7           8           1
   2.62000012               7           9           1
   2.62000012               7          10           1
   2.62000012               7          11           1
   2.62000012               7          12           1
   2.62000012               7          13           1
   2.62000012               7          14           1
   2.62000012               7          15           1
   2.62000012               7          16          -1
   2.62000012               7          17          -1
   2.62000012               7          18          -1
   2.62000012               7          19          -1
   2.62000012               7          20          -1
   2.62000012               7          21          -1
   2.62000012               8           2          -1
   2.62000012               8           3          -1
   2.62000012               8           4          -1
   2.62000012               8           5          -1
   2.62000012               8           6           1
   2.62000012               8           7           1
   2.62000012               8           8           1
   2.62000012               8           9           1
   2.62000012               8          10           1
   2.62000012               8          11           1
   2.62000012               8          12           1
   2.62000012               8          13           1
   2.62000012               8          14           1
   2.62000012               8          15           1
   2.62000012               8          16          -1
   2.62000012               8          17          -1
   2.62000012               8          18          -1
   2.62000012               8          19          -1
   2.62000012               8          20          -1
   2.62000012               8          21           1
   2.62000012               9           2          -1
   2.62000012               9           3          -1
   2.62000012               9           4          -1
   2.62000012               9           5           1
   2.62000012               9           6           1
   2.62000012               9           7           1
   2.62000012               9           8           1
   2.62000012               9           9           1
   2.62000012               9          10           1
   2.62000012               9          11           1
   2.62000012               9          12           1
   2.62000012               9          13           1
   2.62000012               9          14           1
   2.62000012               9          15           1
   2.62000012               9          16          -1
   2.62000012               9          17          -1
   2.62000012               9          18          -1
   2.62000012               9          19          -1
   2.62000012               9          20          -1
   2.62000012               9          21          -1
   2.62000012              10           2          -1
   2.62000012              10           3          -1
   2.62000012              10           4          -1
   2.62000012              10           5           1
   2.62000012              10           6           1
   2.62000012              10           7           1
   2.62000012              10           8           1
   2.62000012              10           9           1
   2.62000012              10          10           1
   2.62000012              10          11           1
   2.62000012              10          12           1
   2.62000012              10          13           1
   2.62000012              10          14           1
   2.62000012              10          15          -1
   2.62000012              10          16          -1
   2.62000012              10          17          -1
   2.62000012              10          18          -1
   2.62000012              10          19          -1
   2.62000012              10          20          -1
   2.62000012              10          21          -1
   2.62000012              11           2          -1
   2.62000012              11           3          -1
   2.62000012              11           4          -1
   2.62000012              11           5           1
   2.62000012              11           6           1
   2.62000012              11           7           1
   2.62000012              11           8           1
   2.62000012              11           9           1
   2.62000012              11          10           1
   2.62000012              11          11           1
   2.62000012              11          12           1
   2.62000012              11          13           1
   2.62000012              11          14           1
   2.62000012              11          15          -1
   2.62000012              11          16          -1
   2.62000012              11          17          -1
   2.62000012              11          18          -1
   2.62000012              11          19          -1
   2.62000012              11          20          -1
   2.62000012              11          21          -1
   2.62000012              12           2          -1
   2.62000012              12           3          -1
   2.62000012              12           4          -1
   2.62000012              12           5          -1
   2.62000012              12           6           1
   2.62000012              12           7           1
   2.62000012              12           8           1
   2.62000012              12           9           1
   2.62000012              12          10           1
   2.62000012              12          11           1
   2.62000012              12          12           1
   2.62000012              12          13           1
   2.62000012              12          14          -1
   2.62000012              12          15          -1
   2.62000012              12          16          -1
   2.62000012              12          17          -1
   2.62000012              12          18          -1
   2.62000012              12          19          -1
   2.62000012              12          20          -1
   2.62000012              12          21          -1
   2.62000012              13           2          -1
   2.62000012              13           3          -1
   2.62000012              13           4          -1
   2.62000012              13           5           1
   2.62000012              13           6           1
   2.62000012              13           7           1
   2.62000012              13           8           1
   2.62000012              13           9           1
   2.62000012              13          10           1
   2.62000012              13          11           1
   2.62000012              13          12          -1
   2.62000012              13          13          -1
   2.62000012              13          14          -1
   2.62000012              13          15          -1
   2.62000012              13          16          -1
   2.62000012              13          17          -1
   2.62000012              13          18          -1
   2.62000012              13          19          -1
   2.62000012              13          20          -1
   2.62000012              13          21          -1
   2.62000012              14           2          -1
   2.62000012              14           3           1
   2.62000012              14           4           1
   2.62000012              14           5           1
   2.62000012              14           6           1
   2.62000012              14           7           1
   2.62000012              14           8           1
   2.62000012              14           9          -1
   2.62000012              14          10           1
   2.62000012              14          11           1
   2.62000012              14          12          -1
   2.62000012              14          13          -1
   2.62000012              14          14          -1
   2.62000012              14          15          -1
   2.62000012              14          16          -1
   2.62000012              14          17          -1
   2.62000012              14          18          -1
   2.62000012              14          19          -1
   2.62000012              14          20          -1
   2.62000012              14          21          -1
   2.62000012              15           2           1
   2.62000012              15           3           1
   2.62000012              15           4           1
   2.62000012              15           5           1
   2.62000012              15           6           1
   2.62000012              15           7           1
   2.62000012              15           8           1
   2.62000012              15           9           1
   2.62000012              15          10           1
   2.62000012              15          11           1
   2.62000012              15          12          -1
   2.62000012              15          13          -1
   2.62000012              15          14          -1
   2.62000012              15          15          -1
   2.62000012              15          16          -1
   2.62000012              15          17          -1
   2.62000012              15          18          -1
   2.62000012              15          19           1
   2.62000012              15          20           1
   2.62000012              15          21           1
   2.62000012              16           2           1
   2.62000012              16           3           1
   2.62000012              16           4           1
   2.62000012              16           5           1
   2.62000012              16           6           1
   2.62000012              16           7           1
   2.62000012              16           8           1
   2.62000012              16           9           1
   2.62000012              16          10           1
   2.62000012              16          11           1
   2.62000012              16          12          -1
   2.62000012              16          13          -1
   2.62000012              16          14          -1
   2.62000012              16          15           1
   2.62000012              16          16           1
   2.62000012              16          17           1
   2.62000012              16          18           1
   2.62000012              16          19           1
   2.62000012              16          20           1
   2.62000012              16          21          -1
   2.62000012              17           2           1
   2.62000012              17           3           1
   2.62000012              17           4           1
   2.62000012              17           5           1
   2.62000012              17           6           1
   2.62000012              17           7           1
   2.62000012              17           8           1
   2.62000012              17           9           1
   2.62000012              17          10           1
   2.62000012              17          11           1
   2.62000012              17          12           1
   2.62000012              17          13           1
   2.62000012              17          14           1
   2.62000012              17          15           1
   2.62000012              17          16           1
   2.62000012              17          17           1
   2.62000012              17          18           1
   2.62000012              17          19           1
   2.62000012              17          20           1
   2.62000012              17          21           1
   2.62000012              18           2           1
   2.62000012              18           3           1
   2.62000012              18           4           1
   2.62000012              18           5           1
   2.62000012              18           6           1
   2.62000012              18           7           1
   2.62000012              18           8           1
   2.62000012              18           9           1
   2.62000012              18          10           1
   2.62000012              18          11           1
   2.62000012              18          12           1
   2.62000012              18          13           1
   2.62000012              18          14           1
   2.62000012              18          15           1
   2.62000012              18          16           1
   2.62000012              18          17           1
   2.62000012              18          18           1
   2.62000012              18          19           1
   2.62000012              18          20           1
   2.62000012              18          21           1
   2.62000012              19           2           1
   2.62000012              19           3           1
   2.62000012              19           4           1
   2.62000012              19           5           1
   2.62000012              19           6           1
   2.62000012              19           7           1
   2.62000012              19           8           1
   2.62000012              19           9           1
   2.62000012              19          10           1
   2.62000012              19          11           1
   2.62000012              19          12           1
   2.62000012              19          13           1
   2.62000012              19          14           1
   2.62000012              19          15           1
   2.62000012              19          16           1
   2.62000012              19          17           1
   2.62000012              19          18           1
   2.62000012              19          19           1
   2.62000012              19          20           1
   2.62000012              19          21           1
   2.62000012              20           2           1
   2.62000012              20           3           1
   2.62000012              20           4           1
   2.62000012              20           5           1
   2.62000012              20           6           1
   2.62000012              20           7          -1
   2.62000012              20           8          -1
   2.62000012              20           9          -1
   2.62000012              20          10           1
   2.62000012              20          11           1
   2.62000012              20          12           1
   2.62000012              20          13           1
   2.62000012              20          14           1
   2.62000012              20          15           1
   2.62000012              20          16           1
   2.62000012              20          17           1
   2.62000012              20          18           1
   2.62000012              20          19           1
   2.62000012              20          20           1
   2.62000012              20          21           1
   2.62000012              21           2          -1
   2.62000012              21           3          -1
   2.62000012              21           4           1
   2.62000012              21           5           1
   2.62000012              21           6           1
   2.62000012              21           7          -1
   2.62000012              21           8          -1
   2.62000012              21           9          -1
   2.62000012              21          10           1
   2.62000012              21          11           1
   2.62000012              21          12           1
   2.62000012              21          13           1
   2.62000012              21          14           1
   2.62000012              21          15           1
   2.62000012              21          16           1
   2.62000012              21          17           1
   2.62000012              21          18           1
   2.62000012              21          19           1
   2.62000012              21          20           1
   2.62000012              21          21           1
