   temperature      i                j                spin A(i,j)
  0.920000076               2           2          -1
  0.920000076               2           3          -1
  0.920000076               2           4           1
  0.920000076               2           5           1
  0.920000076               2           6           1
  0.920000076               2           7          -1
  0.920000076               2           8          -1
  0.920000076               2           9          -1
  0.920000076               2          10           1
  0.920000076               2          11           1
  0.920000076               2          12           1
  0.920000076               2          13           1
  0.920000076               2          14           1
  0.920000076               2          15           1
  0.920000076               2          16           1
  0.920000076               2          17          -1
  0.920000076               2          18           1
  0.920000076               2          19           1
  0.920000076               2          20           1
  0.920000076               2          21           1
  0.920000076               3           2           1
  0.920000076               3           3           1
  0.920000076               3           4           1
  0.920000076               3           5           1
  0.920000076               3           6           1
  0.920000076               3           7           1
  0.920000076               3           8           1
  0.920000076               3           9           1
  0.920000076               3          10          -1
  0.920000076               3          11           1
  0.920000076               3          12           1
  0.920000076               3          13           1
  0.920000076               3          14           1
  0.920000076               3          15           1
  0.920000076               3          16           1
  0.920000076               3          17          -1
  0.920000076               3          18           1
  0.920000076               3          19           1
  0.920000076               3          20           1
  0.920000076               3          21           1
  0.920000076               4           2           1
  0.920000076               4           3           1
  0.920000076               4           4           1
  0.920000076               4           5           1
  0.920000076               4           6           1
  0.920000076               4           7           1
  0.920000076               4           8           1
  0.920000076               4           9           1
  0.920000076               4          10          -1
  0.920000076               4          11          -1
  0.920000076               4          12          -1
  0.920000076               4          13          -1
  0.920000076               4          14           1
  0.920000076               4          15           1
  0.920000076               4          16          -1
  0.920000076               4          17           1
  0.920000076               4          18           1
  0.920000076               4          19           1
  0.920000076               4          20           1
  0.920000076               4          21           1
  0.920000076               5           2           1
  0.920000076               5           3           1
  0.920000076               5           4           1
  0.920000076               5           5           1
  0.920000076               5           6           1
  0.920000076               5           7           1
  0.920000076               5           8           1
  0.920000076               5           9           1
  0.920000076               5          10           1
  0.920000076               5          11          -1
  0.920000076               5          12          -1
  0.920000076               5          13          -1
  0.920000076               5          14           1
  0.920000076               5          15           1
  0.920000076               5          16           1
  0.920000076               5          17           1
  0.920000076               5          18           1
  0.920000076               5          19           1
  0.920000076               5          20           1
  0.920000076               5          21           1
  0.920000076               6           2          -1
  0.920000076               6           3          -1
  0.920000076               6           4          -1
  0.920000076               6           5          -1
  0.920000076               6           6           1
  0.920000076               6           7           1
  0.920000076               6           8           1
  0.920000076               6           9           1
  0.920000076               6          10           1
  0.920000076               6          11           1
  0.920000076               6          12           1
  0.920000076               6          13           1
  0.920000076               6          14           1
  0.920000076               6          15           1
  0.920000076               6          16           1
  0.920000076               6          17          -1
  0.920000076               6          18           1
  0.920000076               6          19           1
  0.920000076               6          20          -1
  0.920000076               6          21          -1
  0.920000076               7           2          -1
  0.920000076               7           3          -1
  0.920000076               7           4          -1
  0.920000076               7           5          -1
  0.920000076               7           6           1
  0.920000076               7           7           1
  0.920000076               7           8           1
  0.920000076               7           9           1
  0.920000076               7          10           1
  0.920000076               7          11           1
  0.920000076               7          12           1
  0.920000076               7          13           1
  0.920000076               7          14           1
  0.920000076               7          15           1
  0.920000076               7          16          -1
  0.920000076               7          17          -1
  0.920000076               7          18          -1
  0.920000076               7          19          -1
  0.920000076               7          20          -1
  0.920000076               7          21          -1
  0.920000076               8           2          -1
  0.920000076               8           3          -1
  0.920000076               8           4          -1
  0.920000076               8           5          -1
  0.920000076               8           6           1
  0.920000076               8           7           1
  0.920000076               8           8           1
  0.920000076               8           9           1
  0.920000076               8          10           1
  0.920000076               8          11           1
  0.920000076               8          12           1
  0.920000076               8          13           1
  0.920000076               8          14           1
  0.920000076               8          15           1
  0.920000076               8          16          -1
  0.920000076               8          17          -1
  0.920000076               8          18          -1
  0.920000076               8          19          -1
  0.920000076               8          20          -1
  0.920000076               8          21           1
  0.920000076               9           2          -1
  0.920000076               9           3          -1
  0.920000076               9           4          -1
  0.920000076               9           5           1
  0.920000076               9           6           1
  0.920000076               9           7           1
  0.920000076               9           8           1
  0.920000076               9           9           1
  0.920000076               9          10           1
  0.920000076               9          11           1
  0.920000076               9          12           1
  0.920000076               9          13           1
  0.920000076               9          14           1
  0.920000076               9          15           1
  0.920000076               9          16          -1
  0.920000076               9          17          -1
  0.920000076               9          18          -1
  0.920000076               9          19          -1
  0.920000076               9          20          -1
  0.920000076               9          21          -1
  0.920000076              10           2          -1
  0.920000076              10           3          -1
  0.920000076              10           4          -1
  0.920000076              10           5           1
  0.920000076              10           6           1
  0.920000076              10           7           1
  0.920000076              10           8           1
  0.920000076              10           9           1
  0.920000076              10          10           1
  0.920000076              10          11           1
  0.920000076              10          12           1
  0.920000076              10          13           1
  0.920000076              10          14           1
  0.920000076              10          15          -1
  0.920000076              10          16          -1
  0.920000076              10          17          -1
  0.920000076              10          18          -1
  0.920000076              10          19          -1
  0.920000076              10          20          -1
  0.920000076              10          21          -1
  0.920000076              11           2          -1
  0.920000076              11           3          -1
  0.920000076              11           4          -1
  0.920000076              11           5           1
  0.920000076              11           6           1
  0.920000076              11           7           1
  0.920000076              11           8           1
  0.920000076              11           9           1
  0.920000076              11          10           1
  0.920000076              11          11           1
  0.920000076              11          12           1
  0.920000076              11          13           1
  0.920000076              11          14           1
  0.920000076              11          15          -1
  0.920000076              11          16          -1
  0.920000076              11          17          -1
  0.920000076              11          18          -1
  0.920000076              11          19          -1
  0.920000076              11          20          -1
  0.920000076              11          21          -1
  0.920000076              12           2          -1
  0.920000076              12           3          -1
  0.920000076              12           4          -1
  0.920000076              12           5          -1
  0.920000076              12           6           1
  0.920000076              12           7           1
  0.920000076              12           8           1
  0.920000076              12           9           1
  0.920000076              12          10           1
  0.920000076              12          11           1
  0.920000076              12          12           1
  0.920000076              12          13           1
  0.920000076              12          14          -1
  0.920000076              12          15          -1
  0.920000076              12          16          -1
  0.920000076              12          17          -1
  0.920000076              12          18          -1
  0.920000076              12          19          -1
  0.920000076              12          20          -1
  0.920000076              12          21          -1
  0.920000076              13           2          -1
  0.920000076              13           3          -1
  0.920000076              13           4          -1
  0.920000076              13           5           1
  0.920000076              13           6           1
  0.920000076              13           7           1
  0.920000076              13           8           1
  0.920000076              13           9           1
  0.920000076              13          10           1
  0.920000076              13          11           1
  0.920000076              13          12          -1
  0.920000076              13          13          -1
  0.920000076              13          14          -1
  0.920000076              13          15          -1
  0.920000076              13          16          -1
  0.920000076              13          17          -1
  0.920000076              13          18          -1
  0.920000076              13          19          -1
  0.920000076              13          20          -1
  0.920000076              13          21          -1
  0.920000076              14           2          -1
  0.920000076              14           3           1
  0.920000076              14           4           1
  0.920000076              14           5           1
  0.920000076              14           6           1
  0.920000076              14           7           1
  0.920000076              14           8           1
  0.920000076              14           9          -1
  0.920000076              14          10           1
  0.920000076              14          11           1
  0.920000076              14          12          -1
  0.920000076              14          13          -1
  0.920000076              14          14          -1
  0.920000076              14          15          -1
  0.920000076              14          16          -1
  0.920000076              14          17          -1
  0.920000076              14          18          -1
  0.920000076              14          19          -1
  0.920000076              14          20          -1
  0.920000076              14          21          -1
  0.920000076              15           2           1
  0.920000076              15           3           1
  0.920000076              15           4           1
  0.920000076              15           5           1
  0.920000076              15           6           1
  0.920000076              15           7           1
  0.920000076              15           8           1
  0.920000076              15           9           1
  0.920000076              15          10           1
  0.920000076              15          11           1
  0.920000076              15          12          -1
  0.920000076              15          13          -1
  0.920000076              15          14          -1
  0.920000076              15          15          -1
  0.920000076              15          16          -1
  0.920000076              15          17          -1
  0.920000076              15          18          -1
  0.920000076              15          19           1
  0.920000076              15          20           1
  0.920000076              15          21           1
  0.920000076              16           2           1
  0.920000076              16           3           1
  0.920000076              16           4           1
  0.920000076              16           5           1
  0.920000076              16           6           1
  0.920000076              16           7           1
  0.920000076              16           8           1
  0.920000076              16           9           1
  0.920000076              16          10           1
  0.920000076              16          11           1
  0.920000076              16          12          -1
  0.920000076              16          13          -1
  0.920000076              16          14          -1
  0.920000076              16          15           1
  0.920000076              16          16           1
  0.920000076              16          17           1
  0.920000076              16          18           1
  0.920000076              16          19           1
  0.920000076              16          20           1
  0.920000076              16          21          -1
  0.920000076              17           2           1
  0.920000076              17           3           1
  0.920000076              17           4           1
  0.920000076              17           5           1
  0.920000076              17           6           1
  0.920000076              17           7           1
  0.920000076              17           8           1
  0.920000076              17           9           1
  0.920000076              17          10           1
  0.920000076              17          11           1
  0.920000076              17          12           1
  0.920000076              17          13           1
  0.920000076              17          14           1
  0.920000076              17          15           1
  0.920000076              17          16           1
  0.920000076              17          17           1
  0.920000076              17          18           1
  0.920000076              17          19           1
  0.920000076              17          20           1
  0.920000076              17          21           1
  0.920000076              18           2           1
  0.920000076              18           3           1
  0.920000076              18           4           1
  0.920000076              18           5           1
  0.920000076              18           6           1
  0.920000076              18           7           1
  0.920000076              18           8           1
  0.920000076              18           9           1
  0.920000076              18          10           1
  0.920000076              18          11           1
  0.920000076              18          12           1
  0.920000076              18          13           1
  0.920000076              18          14           1
  0.920000076              18          15           1
  0.920000076              18          16           1
  0.920000076              18          17           1
  0.920000076              18          18           1
  0.920000076              18          19           1
  0.920000076              18          20           1
  0.920000076              18          21           1
  0.920000076              19           2           1
  0.920000076              19           3           1
  0.920000076              19           4           1
  0.920000076              19           5           1
  0.920000076              19           6           1
  0.920000076              19           7           1
  0.920000076              19           8           1
  0.920000076              19           9           1
  0.920000076              19          10           1
  0.920000076              19          11           1
  0.920000076              19          12           1
  0.920000076              19          13           1
  0.920000076              19          14           1
  0.920000076              19          15           1
  0.920000076              19          16           1
  0.920000076              19          17           1
  0.920000076              19          18           1
  0.920000076              19          19           1
  0.920000076              19          20           1
  0.920000076              19          21           1
  0.920000076              20           2           1
  0.920000076              20           3           1
  0.920000076              20           4           1
  0.920000076              20           5           1
  0.920000076              20           6           1
  0.920000076              20           7          -1
  0.920000076              20           8          -1
  0.920000076              20           9          -1
  0.920000076              20          10           1
  0.920000076              20          11           1
  0.920000076              20          12           1
  0.920000076              20          13           1
  0.920000076              20          14           1
  0.920000076              20          15           1
  0.920000076              20          16           1
  0.920000076              20          17           1
  0.920000076              20          18           1
  0.920000076              20          19           1
  0.920000076              20          20           1
  0.920000076              20          21           1
  0.920000076              21           2          -1
  0.920000076              21           3          -1
  0.920000076              21           4           1
  0.920000076              21           5           1
  0.920000076              21           6           1
  0.920000076              21           7          -1
  0.920000076              21           8          -1
  0.920000076              21           9          -1
  0.920000076              21          10           1
  0.920000076              21          11           1
  0.920000076              21          12           1
  0.920000076              21          13           1
  0.920000076              21          14           1
  0.920000076              21          15           1
  0.920000076              21          16           1
  0.920000076              21          17           1
  0.920000076              21          18           1
  0.920000076              21          19           1
  0.920000076              21          20           1
  0.920000076              21          21           1
